-1.032660
-1.036052
-1.032660
-1.032660
-1.036052
-1.032660
-1.036052
-1.148545
-1.154591
-1.175494
-1.282506
-1.726161
-1.726001
-1.702836
-1.644984
-1.570796
-1.028046
-0.984688
-0.956133
-0.952152
-0.994421
-1.048211
-1.122532
-1.177584
-1.246858
-1.678486
-1.858372
-1.920141
-2.132927
-2.197171
-2.346849
-2.407313
-2.575365
-2.604548
-2.527574
-2.339667
-2.175102
-2.104505
-2.022783
-2.020870
-2.285958
3.115109
3.047279
2.965358
2.716616
2.588631
2.520575
2.459598
2.389047
2.081057
2.031809
2.067465
2.088284
2.055589
2.031432
1.905533
1.685931
1.659603
1.645997
1.633215
1.577419
1.420620
1.411094
1.382575
1.377438
1.350647
1.290597
0.674741
-1.556713
-1.693295
1.081513
0.478352
1.147005
1.124314
0.867340
0.832981
0.747321
0.681995
3.002153
-0.047290
-0.369531
-0.384169
-0.493051
-0.514200
2.064096
-1.045098
-1.041207
-1.387931
-1.428899
-1.476482
-1.516795
-1.523534
-1.537025
-1.550665
-1.543776
-1.691824
-1.724968
-1.726001
-1.711747
-1.726001
-1.712693
-1.712693
-1.711747
-1.718364
-1.712693
-1.712693
-1.712693
-1.712693
-1.718364
-1.712693
-1.711747
-1.711747
-1.712693
