24.270000
24.180000
23.549999
24.360001
24.180000
24.990000
23.549999
24.090000
23.820000
23.730000
23.910000
23.280001
24.450001
23.280001
23.090000
22.639999
21.290001
19.930000
19.299999
19.030001
19.120001
18.209999
18.209999
17.940001
17.309999
17.850000
16.490000
15.230000
12.720000
11.770000
10.700000
8.560000
10.340000
11.410000
12.360000
10.820000
9.390000
9.510000
7.960000
5.590000
5.820000
6.060000
5.470000
6.420000
4.520000
6.300000
4.640000
3.450000
4.040000
3.210000
1.780000
0.710000
-1.000000
-2.860000
-1.620000
-1.120000
-3.360000
-3.480000
-6.350000
-6.350000
-5.230000
-3.360000
-2.860000
-1.620000
-1.620000
-2.740000
-2.860000
-3.360000
-2.240000
-2.490000
-1.000000
-2.490000
-3.610000
-3.610000
-3.360000
-3.360000
-3.360000
-2.240000
-2.610000
-3.860000
-4.730000
-4.730000
-4.730000
-4.600000
-3.610000
-2.490000
-5.600000
-6.840000
-9.080000
-13.190000
-14.960000
-16.879999
-18.340000
-19.809999
-20.170000
-23.010000
-23.100000
-24.290001
-24.830000
-26.340000
-26.440001
-26.340000
-25.469999
-14.780000
-12.940000
7.490000
8.320000
11.410000
10.460000
11.050000
12.240000
13.510000
13.690000
14.590000
15.590000
18.120001
18.030001
18.570000
22.280001
22.910000
24.180000
23.090000
24.629999
26.610001
27.129999
26.820000
25.450001
17.040001
14.230000
13.240000
9.390000
7.130000
-8.340000
-11.700000
-21.540001
-20.809999
-21.180000
-21.629999
-16.879999
-15.050000
-11.320000
-12.070000
-9.830000
-12.070000
-8.590000
-8.210000
-5.720000
-1.990000
-0.370000
1.900000
4.160000
5.820000
7.960000
10.460000
12.120000
12.720000
12.840000
11.290000
12.240000
13.150000
13.780000
13.150000
14.140000
14.230000
13.060000
10.220000
9.510000
10.220000
10.820000
12.360000
11.530000
11.290000
10.820000
9.630000
7.840000
8.560000
8.200000
6.420000
5.230000
6.890000
6.890000
6.060000
6.770000
6.770000
9.270000
11.170000
13.060000
13.420000
16.950001
18.660000
19.299999
19.660000
20.469999
24.180000
24.450001
25.170000
25.809999
26.190001
27.959999
28.790001
29.200001
29.100000
28.370001
29.200001
26.400000
23.910000
21.650000
18.930000
17.940001
11.050000
11.050000
9.980000
8.560000
8.910000
9.030000
9.030000
10.100000
13.510000
14.770000
15.320000
14.960000
15.590000
7.130000
8.320000
9.030000
9.390000
8.680000
4.520000
4.040000
4.400000
5.350000
9.390000
11.650000
12.600000
10.930000
13.420000
10.820000
8.560000
5.470000
3.680000
2.380000
0.240000
-2.740000
-2.120000
-2.860000
-3.110000
-4.360000
-4.600000
-3.610000
-3.860000
-5.600000
-5.720000
-4.980000
-6.350000
-6.220000
-2.120000
-2.490000
-1.990000
-2.360000
-2.490000
-2.740000
-2.360000
-3.480000
-3.480000
-4.730000
-4.850000
-2.360000
-1.120000
-4.730000
-4.980000
-5.720000
-5.720000
-5.230000
-3.480000
-5.350000
-3.730000
-1.740000
-0.370000
2.850000
3.210000
4.400000
4.640000
4.990000
3.210000
3.680000
2.260000
2.260000
0.830000
1.550000
0.710000
0.590000
-0.250000
-2.740000
-2.990000
-4.230000
-4.730000
-5.720000
-5.850000
-7.720000
-7.960000
-7.960000
-8.090000
-7.340000
-5.480000
-7.340000
-7.720000
-8.090000
-5.850000
-3.240000
-5.100000
-5.100000
-3.730000
-3.610000
-2.610000
-1.370000
0.240000
1.780000
0.120000
-1.120000
0.240000
-0.870000
-0.000000
-0.250000
-1.120000
-3.240000
-2.240000
-0.750000
-2.120000
-3.360000
-3.360000
-1.120000
-1.870000
-2.610000
0.360000
0.950000
1.070000
0.590000
0.590000
0.360000
7.370000
6.890000
7.250000
9.750000
10.930000
12.120000
11.770000
12.600000
12.360000
15.050000
17.309999
19.209999
19.480000
19.930000
19.389999
21.920000
22.730000
21.920000
22.190001
22.190001
22.280001
22.730000
21.290001
19.750000
18.840000
17.580000
16.850000
17.040001
16.670000
17.400000
16.670000
16.950001
18.570000
18.750000
19.299999
19.750000
20.469999
20.920000
21.469999
22.100000
23.090000
22.010000
17.940001
18.570000
17.400000
16.760000
16.219999
15.950000
16.580000
15.500000
16.490000
17.219999
18.660000
19.120001
20.020000
20.740000
21.010000
20.650000
20.920000
13.780000
10.700000
10.460000
8.560000
9.150000
10.220000
11.650000
11.770000
13.330000
13.150000
13.240000
13.150000
14.230000
14.140000
14.140000
12.000000
11.170000
12.240000
12.240000
12.000000
10.930000
13.150000
11.050000
9.980000
9.150000
5.710000
9.150000
10.580000
10.700000
11.170000
9.510000
6.770000
4.400000
4.990000
2.970000
4.280000
4.990000
5.110000
3.570000
2.380000
2.380000
3.920000
3.920000
4.040000
3.920000
4.040000
2.380000
3.570000
4.160000
4.040000
4.040000
2.380000
4.040000
3.680000
3.680000
4.040000
4.040000
4.040000
4.160000
4.040000
4.040000
2.970000
2.730000
2.500000
4.160000
4.040000
2.610000
