3393
3393
3393
3393
3393
3393
3397
3468
3489
3504
3534
3546
3519
3535
3545
3577
4059
4103
4144
4185
4271
4295
4311
4323
4328
4294
4228
4200
4082
4043
3936
3893
3756
3714
3577
3545
3522
3523
3529
3574
2147
1862
1809
1756
1585
1508
1474
1444
1415
1311
1220
1130
1094
1036
1011
872
859
856
843
804
844
713
706
715
722
734
771
845
872
877
967
952
1036
1058
1306
1345
1432
1484
1546
2506
2545
2582
2841
2881
3059
3230
3459
3621
3624
3622
3642
3650
3653
3583
3592
3568
3556
3551
3555
3555
3555
3555
3555
3556
3555
3555
3555
3555
3556
3555
3555
3555
3555
