8701
8701
8701
8701
8701
8701
8695
8518
8484
8450
8310
7054
6728
6423
6350
6152
4637
4608
4576
4543
4428
4377
4321
4263
4205
3770
3634
3590
3451
3417
3340
3317
3260
3238
3092
2947
2791
2733
2672
2515
874
891
911
936
1047
1122
1162
1203
1247
1493
1691
1771
1807
1896
1944
2234
2462
2523
2584
2766
3031
6476
6763
6944
7144
7184
7381
8015
8071
8071
8582
8596
8799
8834
9193
9237
9313
9342
9360
9312
9298
9283
9171
9147
9002
8692
8405
7825
7769
7715
7559
7504
7448
7190
7135
6879
6812
6676
6595
6587
6585
6585
6585
6585
6585
6585
6585
6585
6585
6585
6585
6585
6585
