-1.706020
-1.706020
-1.706020
-1.706020
-1.706020
-1.706020
-1.712693
-1.712693
-1.706935
-1.712693
-1.719354
-1.714624
-1.700206
-1.701088
-1.687505
-1.680697
-1.646513
-1.819284
-2.446854
-1.104146
-1.067656
-1.043212
-1.031536
-1.085680
-1.128750
-2.137024
-2.244239
-1.831825
-1.765574
-1.788004
-1.788004
-1.781419
-1.992427
-2.228335
-2.933754
-2.980830
-3.042580
3.075024
3.061763
3.055142
3.101346
3.076868
2.590817
2.572279
2.559240
2.515801
2.472176
2.409802
2.267046
2.231839
-0.493941
1.449769
1.394562
1.401208
1.394562
1.376019
1.387686
1.308049
1.299849
1.299849
1.291573
1.119727
1.107149
1.257520
1.146403
1.125495
0.977186
0.809090
0.738263
0.672671
0.600917
0.534744
0.427735
-1.670465
-1.683648
-1.618058
-1.597817
-1.665110
-1.631532
-1.624798
-1.618379
-1.631944
-1.645487
-1.645487
-1.652248
-1.652248
-1.645487
