3.570000
2.730000
2.730000
1.190000
1.310000
2.380000
2.380000
1.310000
1.310000
2.730000
2.500000
1.190000
3.800000
2.850000
1.310000
3.330000
2.380000
1.310000
1.190000
0.950000
2.970000
2.500000
0.710000
0.830000
3.090000
3.450000
-0.250000
0.710000
0.480000
-1.490000
-1.740000
-0.750000
-1.120000
-1.990000
-1.370000
-1.370000
-0.870000
-2.740000
-2.990000
-3.110000
-1.620000
-1.990000
-2.360000
-3.240000
-3.860000
-2.120000
-3.980000
-4.600000
-6.100000
-6.970000
-5.850000
-6.600000
-6.720000
-8.460000
-7.590000
-9.330000
-8.460000
-8.210000
-10.450000
-11.320000
-13.190000
-14.870000
-15.230000
-15.690000
-17.790001
-18.340000
-21.540001
-22.549999
-21.730000
-23.100000
-24.100000
-22.090000
-24.190001
-16.700001
-15.970000
-15.420000
-14.870000
-14.140000
-8.090000
-4.110000
4.040000
6.420000
7.730000
10.220000
11.530000
11.650000
11.890000
12.120000
12.240000
13.240000
14.500000
14.500000
14.590000
14.680000
17.040001
17.850000
17.940001
18.030001
20.020000
20.830000
21.290001
22.459999
22.010000
22.910000
23.190001
23.190001
20.650000
19.570000
18.480000
17.219999
14.590000
12.000000
10.700000
9.510000
6.770000
0.480000
-2.610000
-5.350000
-7.960000
-16.969999
-17.430000
-16.610001
-15.600000
-14.410000
-13.940000
-9.830000
-7.840000
-0.620000
0.950000
1.190000
1.070000
0.830000
0.710000
0.480000
0.710000
0.590000
1.430000
0.120000
1.070000
3.800000
3.570000
3.680000
4.750000
5.820000
7.840000
8.320000
8.680000
7.370000
7.840000
10.820000
11.410000
10.220000
11.530000
13.600000
14.960000
15.950000
16.760000
16.040001
16.040001
15.950000
16.950001
16.950001
17.670000
18.389999
19.209999
19.750000
20.200001
23.190001
22.100000
20.740000
10.100000
11.530000
9.030000
9.150000
9.980000
13.240000
16.040001
17.129999
18.209999
19.120001
19.030001
19.480000
17.129999
16.309999
16.040001
15.230000
13.960000
13.060000
12.240000
11.650000
10.340000
14.680000
14.680000
14.590000
12.960000
13.240000
13.960000
15.500000
16.580000
15.320000
15.410000
17.040001
17.309999
16.950001
17.670000
18.389999
19.120001
18.570000
18.299999
18.570000
19.570000
18.750000
18.840000
18.930000
17.670000
16.490000
13.780000
13.960000
13.330000
12.240000
9.980000
7.490000
7.250000
6.300000
3.330000
3.090000
3.680000
3.920000
3.570000
1.190000
0.950000
-0.750000
-1.490000
-3.730000
-3.110000
-3.730000
-5.850000
-4.110000
-6.840000
-5.230000
-3.480000
-4.730000
-2.490000
-2.490000
-3.360000
-1.000000
-0.750000
-0.500000
0.590000
0.360000
1.070000
-0.120000
1.070000
1.070000
2.140000
0.590000
0.120000
-1.490000
-1.870000
-2.240000
-2.860000
-2.860000
-3.860000
-4.360000
-1.870000
-1.870000
-4.360000
-4.850000
-3.980000
-3.240000
-4.110000
-5.480000
-5.230000
-3.730000
-3.110000
-3.480000
-3.860000
-4.730000
-4.850000
-1.870000
-4.110000
-3.860000
-5.350000
-3.860000
-3.980000
-3.110000
-4.230000
-5.350000
-4.360000
-4.230000
-3.980000
-2.860000
-2.610000
-2.240000
-0.500000
-0.870000
-2.120000
-3.360000
-3.240000
-1.870000
-3.360000
-2.120000
-4.480000
-1.490000
-2.740000
-2.860000
-2.490000
-2.490000
-2.240000
-2.740000
-2.740000
-4.600000
-3.480000
-4.730000
-4.730000
-4.600000
-4.480000
0.120000
0.590000
1.780000
2.260000
1.310000
1.550000
-2.490000
-3.110000
-1.990000
0.480000
2.380000
3.090000
1.900000
4.040000
4.160000
5.710000
12.000000
11.650000
12.360000
10.930000
11.530000
13.420000
14.410000
15.320000
15.050000
13.240000
13.600000
12.960000
14.050000
15.050000
18.030001
18.840000
18.930000
20.740000
21.200001
21.200001
21.650000
21.740000
19.840000
19.030001
19.660000
17.309999
18.030001
16.490000
16.309999
17.400000
16.670000
16.309999
13.420000
12.720000
11.770000
10.930000
9.980000
9.980000
12.120000
13.330000
13.240000
13.330000
13.600000
15.410000
15.410000
16.309999
15.230000
14.680000
13.240000
13.960000
14.050000
14.870000
15.230000
14.770000
16.670000
18.030001
19.389999
18.570000
19.209999
18.660000
19.480000
18.930000
20.740000
20.920000
21.469999
20.469999
20.740000
21.290001
21.290001
20.200001
17.670000
17.400000
9.510000
7.840000
6.300000
8.200000
9.870000
8.080000
7.010000
4.640000
2.500000
2.140000
1.310000
-1.240000
-2.490000
-1.870000
-1.870000
-2.990000
-2.860000
-1.370000
-1.490000
-0.120000
-0.120000
0.480000
-1.370000
-1.240000
-1.240000
-1.240000
-2.610000
-1.240000
-0.500000
-2.610000
-1.240000
-2.490000
-2.610000
