-1.659002
-1.659002
-1.659002
-1.659002
-1.665748
-1.660212
-1.660212
-1.665748
-1.652804
-1.666394
-1.700206
-1.686713
-1.687505
-1.694302
-1.688308
-1.701088
-1.695151
-1.856848
2.726101
-1.590025
-1.519229
-1.440814
-1.309768
-1.217477
-1.119160
-1.070911
-1.024515
-1.005647
-0.986618
-0.988585
-1.019599
-1.425984
-1.523534
-1.645997
-1.724968
-1.788004
-1.871273
-1.917858
-1.983590
-2.046313
-2.123758
-2.182604
-2.379664
-2.356194
-2.249802
-2.130082
-2.060754
-1.695151
-2.237143
-2.365718
-2.380113
-2.427842
-2.544192
-2.600025
-2.773462
-2.830368
-2.891752
-2.973136
-3.101614
-3.134926
3.134926
3.088701
2.186280
2.138047
2.111216
2.016097
1.686713
1.659603
1.652804
1.577646
1.495596
1.441387
1.378569
1.289564
1.374675
1.238370
1.359245
1.370803
1.364322
1.368138
1.380041
1.380041
1.380041
1.384182
1.392165
1.382898
1.210941
1.152572
1.219140
1.140269
1.044169
0.936616
0.860727
0.870903
0.766532
0.630257
0.549490
0.519968
0.492685
0.369644
-0.350350
-0.454566
-1.236059
-1.285124
-1.355030
-1.510868
-1.597636
-1.637810
-1.678486
-1.698476
-1.699335
-1.698476
-1.665748
-1.644984
-1.597636
-1.617742
-1.638261
-1.651700
-1.665110
-1.665110
-1.671803
-1.665748
-1.672485
-1.666394
-1.659002
-1.666394
-1.659002
-1.665748
-1.659603
-1.660212
-1.665748
-1.673177
-1.666394
-1.667050
-1.667050
-1.666394
-1.666394
-1.666394
-1.659603
-1.653367
-1.652804
-1.653367
-1.659603
-1.653367
-1.646513
-1.653367
-1.653367
-1.653367
-1.653367
-1.653367
-1.653367
-1.653367
-1.653367
-1.653367
-1.653367
-1.653367
-1.653367
-1.653367
-1.653367
-1.653367
-1.653367
-1.653367
-1.653367
-1.653367
-1.653367
-1.653367
-1.653367
-1.653367
