-0.870000
-0.870000
-2.740000
-1.000000
-2.740000
-1.000000
-1.000000
-2.610000
-1.000000
-1.370000
-2.740000
-1.370000
-0.870000
-2.740000
-1.000000
-1.000000
-2.120000
-4.230000
-2.360000
-2.490000
-10.950000
-11.080000
-14.780000
-5.480000
1.190000
1.190000
3.210000
5.940000
9.390000
15.680000
20.290001
18.930000
19.209999
19.299999
18.209999
18.389999
16.309999
13.870000
3.920000
1.780000
-8.710000
-10.700000
-13.440000
-12.690000
-13.320000
-14.230000
-14.140000
-13.940000
-13.190000
-9.830000
-7.090000
-6.220000
-5.720000
-4.110000
-2.740000
-1.490000
-1.620000
0.830000
2.850000
3.800000
6.660000
6.300000
7.960000
6.540000
7.730000
7.960000
5.820000
7.250000
12.000000
14.320000
14.960000
18.299999
18.480000
19.389999
19.660000
19.660000
18.120001
16.129999
13.870000
13.060000
12.120000
12.000000
13.510000
13.600000
13.060000
12.720000
12.480000
15.860000
15.950000
15.050000
14.050000
12.120000
13.330000
13.060000
15.500000
15.590000
16.580000
16.760000
14.590000
13.690000
9.630000
9.030000
6.300000
-3.980000
-3.860000
-6.600000
-5.600000
-2.490000
-4.230000
-3.240000
-2.240000
-3.480000
-0.870000
-1.370000
-2.610000
-0.870000
-3.610000
-2.360000
-1.620000
-2.990000
-4.360000
-2.860000
-2.490000
-4.600000
-3.240000
-4.600000
-4.360000
-3.480000
-4.980000
-4.360000
-2.860000
-3.110000
-5.720000
-4.730000
-4.110000
-4.730000
-4.480000
-5.850000
-3.980000
-5.850000
-3.980000
-3.860000
-3.730000
-4.480000
-4.360000
-4.980000
-6.100000
-6.840000
-5.720000
-4.980000
-5.850000
-6.720000
-4.730000
-3.860000
-2.990000
-0.000000
2.020000
1.310000
1.310000
2.260000
2.380000
-0.750000
-2.240000
9.750000
9.150000
8.320000
12.480000
12.840000
17.040001
18.480000
17.760000
17.850000
18.570000
19.480000
18.660000
16.309999
14.680000
14.770000
14.870000
14.050000
11.890000
9.510000
7.370000
7.490000
7.610000
10.220000
14.680000
16.950001
17.580000
19.120001
18.660000
19.930000
17.940001
16.400000
14.870000
19.299999
10.100000
2.610000
1.900000
-1.990000
-3.360000
-5.100000
-5.970000
-4.600000
-4.850000
-4.110000
-4.730000
-4.600000
-5.850000
-5.720000
-5.720000
-5.720000
-5.720000
-5.720000
-4.110000
-5.720000
-5.720000
-3.860000
-4.600000
-3.860000
-3.860000
-5.720000
-3.980000
-4.360000
-5.720000
-4.360000
-5.720000
-5.720000
