3564
3564
3564
3564
3565
3568
3570
3574
3577
3580
3576
3578
3579
3580
3580
3580
3582
3587
3610
3716
3753
3795
3868
3921
3990
4044
4103
4151
4213
4257
4291
4338
4326
4299
4276
4255
4219
4197
4163
4130
4087
4048
3789
3756
3703
3684
3667
3386
3267
3048
2992
2934
2812
2748
2565
2505
2446
2369
2256
2194
2107
2030
970
909
854
806
719
708
687
690
705
718
799
796
643
639
647
649
650
650
650
651
651
650
649
650
803
810
851
893
953
1023
1156
1206
1320
1435
1532
1601
1654
1848
3457
3569
3617
3646
3654
3640
3620
3611
3601
3595
3595
3595
3606
3615
3552
3557
3557
3554
3560
3564
3566
3569
3573
3578
3583
3585
3588
3591
3595
3598
3599
3600
3601
3601
3604
3605
3606
3609
3614
3615
3618
3628
3630
3629
3631
3630
3630
3630
3630
3630
3630
3630
3630
3630
3630
3630
3630
3630
3630
3630
3630
3630
3630
3630
3630
3630
3630
3630
