6076
6076
6076
6076
6061
6014
5960
5883
5819
5752
5535
5463
5412
5343
5289
5221
5162
5161
5113
4989
4911
4855
4785
4747
4703
4664
4612
4569
4511
4462
4405
4056
3976
3880
3817
3771
3707
3672
3627
3589
3544
3508
3227
3169
3021
2879
2781
1608
1459
1215
1155
1111
1042
1013
961
950
947
951
968
970
961
966
1695
1776
1855
1966
2378
2465
2556
2660
2743
2840
3226
3266
6510
6533
6681
6778
6851
6902
6951
7004
7055
7151
7202
7320
8182
8243
8395
8461
8534
8604
8788
8876
8992
9053
9104
9150
9184
9252
8485
8202
8142
8050
7974
7828
7753
7704
7647
7602
7574
7540
7468
7421
7210
7133
7067
6982
6800
6702
6625
6549
6450
6371
6273
6217
6162
6067
5997
5944
5920
5873
5850
5841
5820
5782
5763
5721
5639
5603
5526
5390
5347
5340
5338
5339
5339
5339
5339
5339
5339
5339
5339
5339
5339
5339
5339
5339
5339
5339
5339
5339
5339
5339
5339
5339
5339
5339
